100
1 36
2 88
3 45
4 11
5 73
6 76
7 12
8 56
9 24
10 9
11 23
12 84
13 41
14 83
15 61
16 89
17 71
18 4
19 87
20 14
21 70
22 50
23 98
24 20
25 78
26 94
27 58
28 17
29 33
30 48
31 92
32 29
33 66
34 37
35 1
36 79
37 22
38 65
39 15
40 100
41 2
42 57
43 40
44 64
45 25
46 67
47 38
48 63
49 81
50 93
51 47
52 43
53 80
54 51
55 85
56 27
57 6
58 7
59 97
60 99
61 53
62 77
63 62
64 52
65 28
66 13
67 54
68 10
69 74
70 32
71 59
72 21
73 55
74 5
75 19
76 68
77 16
78 75
79 34
80 8
81 39
82 60
83 26
84 95
85 44
86 91
87 42
88 69
89 3
90 30
91 35
92 86
93 90
94 96
95 49
96 31
97 82
98 46
99 72
100 18